omega p1 p2 p3
 0.200000  0.000000  0.000000  0.000000 
 0.220000  0.037523  0.020000  0.000543 
 0.240000  0.074449  0.040000  0.001223 
 0.260000  0.110768  0.060000  0.002069 
 0.280000  0.146471  0.080000  0.003117 
 0.300000  0.181549  0.100000  0.004408 
 0.320000  0.215995  0.120000  0.005988 
 0.340000  0.249797  0.140000  0.007913 
 0.360000  0.282950  0.160000  0.010245 
 0.380000  0.315443  0.180000  0.013053 
 0.400000  0.347269  0.200000  0.016417 
 0.420000  0.378420  0.220000  0.020424 
 0.440000  0.408888  0.240000  0.025170 
 0.460000  0.438665  0.260000  0.030760 
 0.480000  0.467743  0.280000  0.037305 
 0.500000  0.496115  0.300000  0.044927 
 0.520000  0.523774  0.320000  0.053750 
 0.540000  0.550712  0.340000  0.063903 
 0.560000  0.576923  0.360000  0.075520 
 0.580000  0.602400  0.380000  0.088732 
 0.600000  0.627137  0.400000  0.103669 
 0.620000  0.651126  0.420000  0.120453 
 0.640000  0.674362  0.440000  0.139197 
 0.660000  0.696838  0.460000  0.160000 
 0.680000  0.718549  0.480000  0.182942 
 0.700000  0.739489  0.500000  0.208083 
 0.720000  0.759653  0.520000  0.235452 
 0.740000  0.779035  0.540000  0.265050 
 0.760000  0.797630  0.560000  0.296840 
 0.780000  0.815433  0.580000  0.330748 
 0.800000  0.832440  0.600000  0.366657 
 0.820000  0.848647  0.620000  0.404405 
 0.840000  0.864048  0.640000  0.443784 
 0.860000  0.878640  0.660000  0.484542 
 0.880000  0.892419  0.680000  0.526378 
 0.900000  0.905381  0.700000  0.568951 
 0.920000  0.917524  0.720000  0.611877 
 0.940000  0.928842  0.740000  0.654740 
 0.960000  0.939335  0.760000  0.697092 
 0.980000  0.948999  0.780000  0.738464 
 1.000000  0.957830  0.800000  0.778373 
 1.020000  0.965828  0.820000  0.816332 
 1.040000  0.972990  0.840000  0.851858 
 1.060000  0.979313  0.860000  0.884483 
 1.080000  0.984797  0.880000  0.913765 
 1.100000  0.989440  0.900000  0.939296 
 1.120000  0.993240  0.920000  0.960714 
 1.140000  0.996197  0.940000  0.977708 
 1.160000  0.998310  0.960000  0.990031 
 1.180000  0.999577  0.980000  0.997498 
 1.200000  1.000000  1.000000  1.000000 
 1.220000  0.999577  0.980000  0.997498 
 1.240000  0.998310  0.960000  0.990031 
 1.260000  0.996197  0.940000  0.977708 
 1.280000  0.993240  0.920000  0.960714 
 1.300000  0.989440  0.900000  0.939296 
 1.320000  0.984797  0.880000  0.913765 
 1.340000  0.979313  0.860000  0.884483 
 1.360000  0.972990  0.840000  0.851858 
 1.380000  0.965828  0.820000  0.816332 
 1.400000  0.957830  0.800000  0.778373 
 1.420000  0.948999  0.780000  0.738464 
 1.440000  0.939335  0.760000  0.697092 
 1.460000  0.928842  0.740000  0.654740 
 1.480000  0.917524  0.720000  0.611877 
 1.500000  0.905381  0.700000  0.568951 
 1.520000  0.892419  0.680000  0.526378 
 1.540000  0.878640  0.660000  0.484542 
 1.560000  0.864048  0.640000  0.443784 
 1.580000  0.848647  0.620000  0.404405 
 1.600000  0.832440  0.600000  0.366657 
 1.620000  0.815433  0.580000  0.330748 
 1.640000  0.797630  0.560000  0.296840 
 1.660000  0.779035  0.540000  0.265050 
 1.680000  0.759653  0.520000  0.235452 
 1.700000  0.739489  0.500000  0.208083 
 1.720000  0.718549  0.480000  0.182942 
 1.740000  0.696838  0.460000  0.160000 
 1.760000  0.674362  0.440000  0.139197 
 1.780000  0.651126  0.420000  0.120453 
 1.800000  0.627137  0.400000  0.103669 
 1.820000  0.602400  0.380000  0.088732 
 1.840000  0.576923  0.360000  0.075520 
 1.860000  0.550712  0.340000  0.063903 
 1.880000  0.523774  0.320000  0.053750 
 1.900000  0.496115  0.300000  0.044927 
 1.920000  0.467743  0.280000  0.037305 
 1.940000  0.438665  0.260000  0.030760 
 1.960000  0.408888  0.240000  0.025170 
 1.980000  0.378420  0.220000  0.020424 
 2.000000  0.347269  0.200000  0.016417 
 2.020000  0.315443  0.180000  0.013053 
 2.040000  0.282950  0.160000  0.010245 
 2.060000  0.249797  0.140000  0.007913 
 2.080000  0.215995  0.120000  0.005988 
 2.100000  0.181549  0.100000  0.004408 
 2.120000  0.146471  0.080000  0.003117 
 2.140000  0.110768  0.060000  0.002069 
 2.160000  0.074449  0.040000  0.001223 
 2.180000  0.037523  0.020000  0.000543 
 2.200000  0.000000  0.000000  0.000000 
